vec[1] = 1.865395123604685
vec[2] = 2.356209162855521
