vec[1] = 1.7307902472093701
vec[2] = 1.7124183257110417
